-1 -2
-1 -3
-1 -4
-1 -5
-1 -6
-1 -7
-1 -8
-1 -9
-1 -10
-1 -11
-1 -12
-1 -13
-2 -3
-2 -4
-2 -5
-2 -6
-2 -7
-2 -8
-2 -9
-2 -10
-2 -11
-2 -12
-2 -13
-3 -4
-3 -5
-3 -6
-3 -7
-3 -8
-3 -9
-3 -10
-3 -11
-3 -12
-3 -13
-4 -5
-4 -6
-4 -7
-4 -8
-4 -9
-4 -10
-4 -11
-4 -12
-4 -13
-5 -6
-5 -7
-5 -8
-5 -9
-5 -10
-5 -11
-5 -12
-5 -13
-6 -7
-6 -8
-6 -9
-6 -10
-6 -11
-6 -12
-6 -13
-7 -8
-7 -9
-7 -10
-7 -11
-7 -12
-7 -13
-8 -9
-8 -10
-8 -11
-8 -12
-8 -13
-9 -10
-9 -11
-9 -12
-9 -13
-10 -11
-10 -12
-10 -13
-11 -12
-11 -13
-12 -13
-14 -15
-14 -16
-14 -17
-14 -18
-14 -19
-14 -20
-14 -21
-14 -22
-14 -23
-14 -24
-14 -25
-14 -26
-15 -16
-15 -17
-15 -18
-15 -19
-15 -20
-15 -21
-15 -22
-15 -23
-15 -24
-15 -25
-15 -26
-16 -17
-16 -18
-16 -19
-16 -20
-16 -21
-16 -22
-16 -23
-16 -24
-16 -25
-16 -26
-17 -18
-17 -19
-17 -20
-17 -21
-17 -22
-17 -23
-17 -24
-17 -25
-17 -26
-18 -19
-18 -20
-18 -21
-18 -22
-18 -23
-18 -24
-18 -25
-18 -26
-19 -20
-19 -21
-19 -22
-19 -23
-19 -24
-19 -25
-19 -26
-20 -21
-20 -22
-20 -23
-20 -24
-20 -25
-20 -26
-21 -22
-21 -23
-21 -24
-21 -25
-21 -26
-22 -23
-22 -24
-22 -25
-22 -26
-23 -24
-23 -25
-23 -26
-24 -25
-24 -26
-25 -26
-27 -28
-27 -29
-27 -30
-27 -31
-27 -32
-27 -33
-27 -34
-27 -35
-27 -36
-27 -37
-27 -38
-27 -39
-28 -29
-28 -30
-28 -31
-28 -32
-28 -33
-28 -34
-28 -35
-28 -36
-28 -37
-28 -38
-28 -39
-29 -30
-29 -31
-29 -32
-29 -33
-29 -34
-29 -35
-29 -36
-29 -37
-29 -38
-29 -39
-30 -31
-30 -32
-30 -33
-30 -34
-30 -35
-30 -36
-30 -37
-30 -38
-30 -39
-31 -32
-31 -33
-31 -34
-31 -35
-31 -36
-31 -37
-31 -38
-31 -39
-32 -33
-32 -34
-32 -35
-32 -36
-32 -37
-32 -38
-32 -39
-33 -34
-33 -35
-33 -36
-33 -37
-33 -38
-33 -39
-34 -35
-34 -36
-34 -37
-34 -38
-34 -39
-35 -36
-35 -37
-35 -38
-35 -39
-36 -37
-36 -38
-36 -39
-37 -38
-37 -39
-38 -39
-40 -41
-40 -42
-40 -43
-40 -44
-40 -45
-40 -46
-40 -47
-40 -48
-40 -49
-40 -50
-40 -51
-40 -52
-41 -42
-41 -43
-41 -44
-41 -45
-41 -46
-41 -47
-41 -48
-41 -49
-41 -50
-41 -51
-41 -52
-42 -43
-42 -44
-42 -45
-42 -46
-42 -47
-42 -48
-42 -49
-42 -50
-42 -51
-42 -52
-43 -44
-43 -45
-43 -46
-43 -47
-43 -48
-43 -49
-43 -50
-43 -51
-43 -52
-44 -45
-44 -46
-44 -47
-44 -48
-44 -49
-44 -50
-44 -51
-44 -52
-45 -46
-45 -47
-45 -48
-45 -49
-45 -50
-45 -51
-45 -52
-46 -47
-46 -48
-46 -49
-46 -50
-46 -51
-46 -52
-47 -48
-47 -49
-47 -50
-47 -51
-47 -52
-48 -49
-48 -50
-48 -51
-48 -52
-49 -50
-49 -51
-49 -52
-50 -51
-50 -52
-51 -52
-53 -54
-53 -55
-53 -56
-53 -57
-53 -58
-53 -59
-53 -60
-53 -61
-53 -62
-53 -63
-53 -64
-53 -65
-54 -55
-54 -56
-54 -57
-54 -58
-54 -59
-54 -60
-54 -61
-54 -62
-54 -63
-54 -64
-54 -65
-55 -56
-55 -57
-55 -58
-55 -59
-55 -60
-55 -61
-55 -62
-55 -63
-55 -64
-55 -65
-56 -57
-56 -58
-56 -59
-56 -60
-56 -61
-56 -62
-56 -63
-56 -64
-56 -65
-57 -58
-57 -59
-57 -60
-57 -61
-57 -62
-57 -63
-57 -64
-57 -65
-58 -59
-58 -60
-58 -61
-58 -62
-58 -63
-58 -64
-58 -65
-59 -60
-59 -61
-59 -62
-59 -63
-59 -64
-59 -65
-60 -61
-60 -62
-60 -63
-60 -64
-60 -65
-61 -62
-61 -63
-61 -64
-61 -65
-62 -63
-62 -64
-62 -65
-63 -64
-63 -65
-64 -65
-66 -67
-66 -68
-66 -69
-66 -70
-66 -71
-66 -72
-66 -73
-66 -74
-66 -75
-66 -76
-66 -77
-66 -78
-67 -68
-67 -69
-67 -70
-67 -71
-67 -72
-67 -73
-67 -74
-67 -75
-67 -76
-67 -77
-67 -78
-68 -69
-68 -70
-68 -71
-68 -72
-68 -73
-68 -74
-68 -75
-68 -76
-68 -77
-68 -78
-69 -70
-69 -71
-69 -72
-69 -73
-69 -74
-69 -75
-69 -76
-69 -77
-69 -78
-70 -71
-70 -72
-70 -73
-70 -74
-70 -75
-70 -76
-70 -77
-70 -78
-71 -72
-71 -73
-71 -74
-71 -75
-71 -76
-71 -77
-71 -78
-72 -73
-72 -74
-72 -75
-72 -76
-72 -77
-72 -78
-73 -74
-73 -75
-73 -76
-73 -77
-73 -78
-74 -75
-74 -76
-74 -77
-74 -78
-75 -76
-75 -77
-75 -78
-76 -77
-76 -78
-77 -78
-79 -80
-79 -81
-79 -82
-79 -83
-79 -84
-79 -85
-79 -86
-79 -87
-79 -88
-79 -89
-79 -90
-79 -91
-80 -81
-80 -82
-80 -83
-80 -84
-80 -85
-80 -86
-80 -87
-80 -88
-80 -89
-80 -90
-80 -91
-81 -82
-81 -83
-81 -84
-81 -85
-81 -86
-81 -87
-81 -88
-81 -89
-81 -90
-81 -91
-82 -83
-82 -84
-82 -85
-82 -86
-82 -87
-82 -88
-82 -89
-82 -90
-82 -91
-83 -84
-83 -85
-83 -86
-83 -87
-83 -88
-83 -89
-83 -90
-83 -91
-84 -85
-84 -86
-84 -87
-84 -88
-84 -89
-84 -90
-84 -91
-85 -86
-85 -87
-85 -88
-85 -89
-85 -90
-85 -91
-86 -87
-86 -88
-86 -89
-86 -90
-86 -91
-87 -88
-87 -89
-87 -90
-87 -91
-88 -89
-88 -90
-88 -91
-89 -90
-89 -91
-90 -91
-92 -93
-92 -94
-92 -95
-92 -96
-92 -97
-92 -98
-92 -99
-92 -100
-92 -101
-92 -102
-92 -103
-92 -104
-93 -94
-93 -95
-93 -96
-93 -97
-93 -98
-93 -99
-93 -100
-93 -101
-93 -102
-93 -103
-93 -104
-94 -95
-94 -96
-94 -97
-94 -98
-94 -99
-94 -100
-94 -101
-94 -102
-94 -103
-94 -104
-95 -96
-95 -97
-95 -98
-95 -99
-95 -100
-95 -101
-95 -102
-95 -103
-95 -104
-96 -97
-96 -98
-96 -99
-96 -100
-96 -101
-96 -102
-96 -103
-96 -104
-97 -98
-97 -99
-97 -100
-97 -101
-97 -102
-97 -103
-97 -104
-98 -99
-98 -100
-98 -101
-98 -102
-98 -103
-98 -104
-99 -100
-99 -101
-99 -102
-99 -103
-99 -104
-100 -101
-100 -102
-100 -103
-100 -104
-101 -102
-101 -103
-101 -104
-102 -103
-102 -104
-103 -104
-105 -106
-105 -107
-105 -108
-105 -109
-105 -110
-105 -111
-105 -112
-105 -113
-105 -114
-105 -115
-105 -116
-105 -117
-106 -107
-106 -108
-106 -109
-106 -110
-106 -111
-106 -112
-106 -113
-106 -114
-106 -115
-106 -116
-106 -117
-107 -108
-107 -109
-107 -110
-107 -111
-107 -112
-107 -113
-107 -114
-107 -115
-107 -116
-107 -117
-108 -109
-108 -110
-108 -111
-108 -112
-108 -113
-108 -114
-108 -115
-108 -116
-108 -117
-109 -110
-109 -111
-109 -112
-109 -113
-109 -114
-109 -115
-109 -116
-109 -117
-110 -111
-110 -112
-110 -113
-110 -114
-110 -115
-110 -116
-110 -117
-111 -112
-111 -113
-111 -114
-111 -115
-111 -116
-111 -117
-112 -113
-112 -114
-112 -115
-112 -116
-112 -117
-113 -114
-113 -115
-113 -116
-113 -117
-114 -115
-114 -116
-114 -117
-115 -116
-115 -117
-116 -117
-1 15 17
-14 28 30
-27 41 43
-40 54 56
-53 67 69
-66 80 82
-79 93 95
-92 106 108
-2 14 16 18
-15 27 29 31
-28 40 42 44
-41 53 55 57
-54 66 68 70
-67 79 81 83
-80 92 94 96
-93 105 107 109
-3 15 18 19
-16 28 31 32
-29 41 44 45
-42 54 57 58
-55 67 70 71
-68 80 83 84
-81 93 96 97
-94 106 109 110
-4 14 18 20 21
-17 27 31 33 34
-30 40 44 46 47
-43 53 57 59 60
-56 66 70 72 73
-69 79 83 85 86
-82 92 96 98 99
-95 105 109 111 112
-5 15 16 17 19 21
-18 28 29 30 32 34
-31 41 42 43 45 47
-44 54 55 56 58 60
-57 67 68 69 71 73
-70 80 81 82 84 86
-83 93 94 95 97 99
-96 106 107 108 110 112
-6 16 18
-19 29 31
-32 42 44
-45 55 57
-58 68 70
-71 81 83
-84 94 96
-97 107 109
-7 17 21
-20 30 34
-33 43 47
-46 56 60
-59 69 73
-72 82 86
-85 95 99
-98 108 112
-8 17 18 20 22
-21 30 31 33 35
-34 43 44 46 48
-47 56 57 59 61
-60 69 70 72 74
-73 82 83 85 87
-86 95 96 98 100
-99 108 109 111 113
-9 21 23
-22 34 36
-35 47 49
-48 60 62
-61 73 75
-74 86 88
-87 99 101
-100 112 114
-10 22 24 25
-23 35 37 38
-36 48 50 51
-49 61 63 64
-62 74 76 77
-75 87 89 90
-88 100 102 103
-101 113 115 116
-11 23 26
-24 36 39
-37 49 52
-50 62 65
-63 75 78
-76 88 91
-89 101 104
-102 114 117
-12 23 26
-25 36 39
-38 49 52
-51 62 65
-64 75 78
-77 88 91
-90 101 104
-103 114 117
-13 24 25
-26 37 38
-39 50 51
-52 63 64
-65 76 77
-78 89 90
-91 102 103
-104 115 116
-2 118
-15 124
-28 130
-41 136
-54 142
-67 148
-80 154
-93 160
-106 166
-3 120
-16 126
-29 132
-42 138
-55 144
-68 150
-81 156
-94 162
-107 168
-4 120
-17 126
-30 132
-43 138
-56 144
-69 150
-82 156
-95 162
-108 168
-7 119
-20 125
-33 131
-46 137
-59 143
-72 149
-85 155
-98 161
-111 167
-9 118
-9 119
-22 124
-22 125
-35 130
-35 131
-48 136
-48 137
-61 142
-61 143
-74 148
-74 149
-87 154
-87 155
-100 160
-100 161
-113 166
-113 167
-11 121
-24 127
-37 133
-50 139
-63 145
-76 151
-89 157
-102 163
-115 169
-12 123
-25 129
-38 135
-51 141
-64 147
-77 153
-90 159
-103 165
-116 171
-13 122
-26 128
-39 134
-52 140
-65 146
-78 152
-91 158
-104 164
-117 170
-118 124
-119 125
-120 126
-121 127
-122 128
-123 129
-124 130
-125 131
-126 132
-127 133
-128 134
-129 135
-130 136
-131 137
-132 138
-133 139
-134 140
-135 141
-136 142
-137 143
-138 144
-139 145
-140 146
-141 147
-142 148
-143 149
-144 150
-145 151
-146 152
-147 153
-148 154
-149 155
-150 156
-151 157
-152 158
-153 159
-154 160
-155 161
-156 162
-157 163
-158 164
-159 165
-160 166
-161 167
-162 168
-163 169
-164 170
-165 171
118 -124 15 22
119 -125 20 22
120 -126 16 17
121 -127 24
122 -128 26
123 -129 25
124 -130 28 35
125 -131 33 35
126 -132 29 30
127 -133 37
128 -134 39
129 -135 38
130 -136 41 48
131 -137 46 48
132 -138 42 43
133 -139 50
134 -140 52
135 -141 51
136 -142 54 61
137 -143 59 61
138 -144 55 56
139 -145 63
140 -146 65
141 -147 64
142 -148 67 74
143 -149 72 74
144 -150 68 69
145 -151 76
146 -152 78
147 -153 77
148 -154 80 87
149 -155 85 87
150 -156 81 82
151 -157 89
152 -158 91
153 -159 90
154 -160 93 100
155 -161 98 100
156 -162 94 95
157 -163 102
158 -164 104
159 -165 103
160 -166 106 113
161 -167 111 113
162 -168 107 108
163 -169 115
164 -170 117
165 -171 116
1
-118
-119
-120
-121
-122
-123
166
167
168
169
170
171
0
1 START 0
2 A 0
3 B 0
4 C 0
5 D 0
6 E 0
7 F 0
8 G 0
9 H 0
10 I 0
11 J 0
12 K 0
13 L 0
14 START 1
15 A 1
16 B 1
17 C 1
18 D 1
19 E 1
20 F 1
21 G 1
22 H 1
23 I 1
24 J 1
25 K 1
26 L 1
27 START 2
28 A 2
29 B 2
30 C 2
31 D 2
32 E 2
33 F 2
34 G 2
35 H 2
36 I 2
37 J 2
38 K 2
39 L 2
40 START 3
41 A 3
42 B 3
43 C 3
44 D 3
45 E 3
46 F 3
47 G 3
48 H 3
49 I 3
50 J 3
51 K 3
52 L 3
53 START 4
54 A 4
55 B 4
56 C 4
57 D 4
58 E 4
59 F 4
60 G 4
61 H 4
62 I 4
63 J 4
64 K 4
65 L 4
66 START 5
67 A 5
68 B 5
69 C 5
70 D 5
71 E 5
72 F 5
73 G 5
74 H 5
75 I 5
76 J 5
77 K 5
78 L 5
79 START 6
80 A 6
81 B 6
82 C 6
83 D 6
84 E 6
85 F 6
86 G 6
87 H 6
88 I 6
89 J 6
90 K 6
91 L 6
92 START 7
93 A 7
94 B 7
95 C 7
96 D 7
97 E 7
98 F 7
99 G 7
100 H 7
101 I 7
102 J 7
103 K 7
104 L 7
105 START 8
106 A 8
107 B 8
108 C 8
109 D 8
110 E 8
111 F 8
112 G 8
113 H 8
114 I 8
115 J 8
116 K 8
117 L 8
